image: porto_70.pgm
resolution: 0.050000
origin: [-13.232913, -8.533621, 0.000000]
negate: 0
occupied_thresh: 0.65
free_thresh: 0.196

