image: porto_60.pgm
resolution: 0.050000
origin: [-13.269905, -8.585840, 0.000000]
negate: 0
occupied_thresh: 0.65
free_thresh: 0.196

