image: track_black.pgm
resolution: 0.050000
origin: [-8.495401, -15.630847, 0.000000]
negate: 0
occupied_thresh: 0.65
free_thresh: 0.196

